2 0.3 0.84 0.149 0.10300000000000001
2 0.429 0.845 0.124 0.1
2 0.548 0.845 0.135 0.098
2 0.684 0.846 0.156 0.091
2 0.156 0.536 0.162 0.117
2 0.17200000000000001 0.425 0.179 0.154
2 0.194 0.312 0.128 0.079
2 0.331 0.318 0.198 0.07100000000000001
2 0.339 0.395 0.197 0.14100000000000001
2 0.326 0.506 0.223 0.165
2 0.503 0.528 0.169 0.127
2 0.497 0.41500000000000004 0.14400000000000002 0.136
2 0.506 0.331 0.15 0.078
2 0.578 0.48 0.23600000000000002 0.23900000000000002
2 0.651 0.389 0.196 0.168
2 0.66 0.322 0.168 0.062
2 0.811 0.318 0.184 0.049
2 0.8250000000000001 0.391 0.20700000000000002 0.14100000000000001
2 0.838 0.508 0.214 0.168
2 0.6920000000000001 0.511 0.184 0.18
