2 0.136 0.491 0.28300000000000003 0.189
2 0.176 0.36 0.249 0.111
2 0.386 0.34800000000000003 0.251 0.163
2 0.17 0.655 0.28700000000000003 0.18
2 0.278 0.507 0.10300000000000001 0.153
2 0.424 0.493 0.233 0.161
2 0.40800000000000003 0.642 0.28200000000000003 0.185
2 0.515 0.354 0.054 0.14100000000000001
2 0.328 0.244 0.224 0.139
2 0.674 0.493 0.28200000000000003 0.20800000000000002
2 0.67 0.34500000000000003 0.262 0.14
2 0.683 0.644 0.28 0.164
2 0.904 0.62 0.21 0.202
2 0.919 0.41400000000000003 0.17 0.233
2 0.905 0.466 0.222 0.154
2 0.905 0.324 0.222 0.122
